# id	file_path	transparent_color_r	g	b
[TEXTURES]
33	Resources\Tilemap\world1-4-1_bank.png	255	255	255
[TILEMAP DATA]
Resources\Tilemap\world1-4-1.txt
# id	left	top	right	bottom	texture_id
[SPRITES]
# ====	COURSE CLEAR ====
50070	64	360	184	377	90
50071	53	391	203	419	90
# ==== Hammer Brother ====
# ---- Right ----
#aim
48000	529	170	545	195	40
48001	552	170	568	195	40
#throw
48002	575	170	591	195	40
48003	599	170	615	195	40
#aim
48010	103	170	119	195	40
48011	80	170	96	195	40
#throw
48012	57	170	73	195	40
48013	33	170	49	195	40
# ==== Boomerang ====
# ---- Right ----
48100	488	166	504	181	40
48101	509	166	524	182	40
48102	487	186	503	201	40
48103	509	188	524	204	40
# ---- Left ----
48110	144	166	160	181	40
48111	124	166	139	182	40
48112	145	186	161	201	40
48113	124	188	139	204	40
# ani_id	sprite1_id	time1	sprite2_id	time2	...
[ANIMATIONS]
# ==== Hammer Brother ====
# ---- Right ----
#aim
4800	48000	100	48001	100
#throw
4801	48002	100	48003	100
# ---- Left ----
#aim
4810	48010	100	48011	100
#throw
4811	48012	100	48013	100
# ==== Boomerang ====
#idle
4820	48100	50
#right
4821	48100	50	48101	50	48102	50	48103	50
#idle
4822	48110	50
#left
4823	48110	100	48111	100	48112	100	48113	100
# id	ani1	ani2	ani3
[ANIMATION_SETS]
# Hammer Brother
48	4800	4801	4810	4811
# Boomerang
49	4820	4821	4822	4823
[OBJECTS]
# type	x	y	ani_set_id	tag	tag1	tag2	
# type: 0 = Mario , 1 = Brick, 2 = Goomba, 3 = Koopas, 4 = Block
# === CARD ===
57	384	96	57
# === Brick === 
1	0	176	0	1
1	16	176	0	1
1	32	176	0	1
1	48	176	0	1
1	64	176	0	1
1	80	176	0	1
1	96	176	0	1
1	112	176	0	1
1	128	176	0	1
1	144	176	0	1
1	160	176	0	1
1	176	176	0	1
1	192	176	0	1
1	208	176	0	1
1	224	176	0	1
1	240	176	0	1
1	256	176	0	1
1	272	176	0	1
1	288	176	0	1
1	304	176	0	1
1	320	176	0	1
1	336	176	0	1
1	352	176	0	1
1	368	176	0	1
1	384	176	0	1
1	400	176	0	1
1	416	176	0	1
1	432	176	0	1
1	448	176	0	1
1	464	176	0	1
1	480	176	0	1
1	496	176	0	1
# --- pipe ---
1	128	160	13	10
1	144	160	14	10
1	128	144	10	10
1	144	144	11	10
# --- hammer brother ---
48	16	150	48